metric,level,mean,std,count,min,max,question_id,concept_score_raw_mean,concept_score_raw_std,concept_score_raw_count,coherence_raw_mean,coherence_raw_std,coherence_raw_count,model,concept,coef,layer,steering_type,steering_direction,n_per_question,total_samples
concept_score_raw,overall,6.64,15.101999867567208,100.0,0.0,85.0,,,,,,,,,,,,,,,
coherence_raw,overall,91.85,2.03654118544163,100.0,85.0,95.0,,,,,,,,,,,,,,,
,,,,,,,culinary_centric_0,0.0,0.0,1.0,92.0,0.0,1.0,,,,,,,,
,,,,,,,culinary_centric_1,0.0,0.0,1.0,85.0,0.0,1.0,,,,,,,,
,,,,,,,culinary_centric_2,35.0,0.0,1.0,95.0,0.0,1.0,,,,,,,,
,,,,,,,culinary_centric_3,0.0,0.0,1.0,92.0,0.0,1.0,,,,,,,,
,,,,,,,culinary_centric_4,5.0,0.0,1.0,92.0,0.0,1.0,,,,,,,,
,,,,,,,culinary_centric_5,0.0,0.0,1.0,95.0,0.0,1.0,,,,,,,,
,,,,,,,culinary_centric_6,10.0,0.0,1.0,92.0,0.0,1.0,,,,,,,,
,,,,,,,culinary_centric_7,2.0,0.0,1.0,95.0,0.0,1.0,,,,,,,,
,,,,,,,culinary_centric_8,2.0,0.0,1.0,92.0,0.0,1.0,,,,,,,,
,,,,,,,culinary_centric_9,0.0,0.0,1.0,92.0,0.0,1.0,,,,,,,,
,,,,,,,culinary_centric_10,2.0,0.0,1.0,92.0,0.0,1.0,,,,,,,,
,,,,,,,culinary_centric_11,85.0,0.0,1.0,92.0,0.0,1.0,,,,,,,,
,,,,,,,culinary_centric_12,0.0,0.0,1.0,95.0,0.0,1.0,,,,,,,,
,,,,,,,culinary_centric_13,0.0,0.0,1.0,92.0,0.0,1.0,,,,,,,,
,,,,,,,culinary_centric_14,5.0,0.0,1.0,92.0,0.0,1.0,,,,,,,,
,,,,,,,culinary_centric_15,15.0,0.0,1.0,92.0,0.0,1.0,,,,,,,,
,,,,,,,culinary_centric_16,2.0,0.0,1.0,92.0,0.0,1.0,,,,,,,,
,,,,,,,culinary_centric_17,0.0,0.0,1.0,92.0,0.0,1.0,,,,,,,,
,,,,,,,culinary_centric_18,15.0,0.0,1.0,92.0,0.0,1.0,,,,,,,,
,,,,,,,culinary_centric_19,0.0,0.0,1.0,85.0,0.0,1.0,,,,,,,,
,,,,,,,culinary_centric_20,0.0,0.0,1.0,92.0,0.0,1.0,,,,,,,,
,,,,,,,culinary_centric_21,0.0,0.0,1.0,92.0,0.0,1.0,,,,,,,,
,,,,,,,culinary_centric_22,15.0,0.0,1.0,92.0,0.0,1.0,,,,,,,,
,,,,,,,culinary_centric_23,0.0,0.0,1.0,92.0,0.0,1.0,,,,,,,,
,,,,,,,culinary_centric_24,0.0,0.0,1.0,95.0,0.0,1.0,,,,,,,,
,,,,,,,culinary_centric_25,0.0,0.0,1.0,92.0,0.0,1.0,,,,,,,,
,,,,,,,culinary_centric_26,5.0,0.0,1.0,92.0,0.0,1.0,,,,,,,,
,,,,,,,culinary_centric_27,2.0,0.0,1.0,92.0,0.0,1.0,,,,,,,,
,,,,,,,culinary_centric_28,20.0,0.0,1.0,92.0,0.0,1.0,,,,,,,,
,,,,,,,culinary_centric_29,0.0,0.0,1.0,92.0,0.0,1.0,,,,,,,,
,,,,,,,culinary_centric_30,0.0,0.0,1.0,92.0,0.0,1.0,,,,,,,,
,,,,,,,culinary_centric_31,35.0,0.0,1.0,92.0,0.0,1.0,,,,,,,,
,,,,,,,culinary_centric_32,0.0,0.0,1.0,92.0,0.0,1.0,,,,,,,,
,,,,,,,culinary_centric_33,0.0,0.0,1.0,88.0,0.0,1.0,,,,,,,,
,,,,,,,culinary_centric_34,0.0,0.0,1.0,92.0,0.0,1.0,,,,,,,,
,,,,,,,culinary_centric_35,5.0,0.0,1.0,92.0,0.0,1.0,,,,,,,,
,,,,,,,culinary_centric_36,0.0,0.0,1.0,95.0,0.0,1.0,,,,,,,,
,,,,,,,culinary_centric_37,0.0,0.0,1.0,92.0,0.0,1.0,,,,,,,,
,,,,,,,culinary_centric_38,0.0,0.0,1.0,85.0,0.0,1.0,,,,,,,,
,,,,,,,culinary_centric_39,0.0,0.0,1.0,95.0,0.0,1.0,,,,,,,,
,,,,,,,culinary_centric_40,0.0,0.0,1.0,92.0,0.0,1.0,,,,,,,,
,,,,,,,culinary_centric_41,0.0,0.0,1.0,92.0,0.0,1.0,,,,,,,,
,,,,,,,culinary_centric_42,0.0,0.0,1.0,92.0,0.0,1.0,,,,,,,,
,,,,,,,culinary_centric_43,0.0,0.0,1.0,92.0,0.0,1.0,,,,,,,,
,,,,,,,culinary_centric_44,0.0,0.0,1.0,88.0,0.0,1.0,,,,,,,,
,,,,,,,culinary_centric_45,0.0,0.0,1.0,92.0,0.0,1.0,,,,,,,,
,,,,,,,culinary_centric_46,0.0,0.0,1.0,92.0,0.0,1.0,,,,,,,,
,,,,,,,culinary_centric_47,0.0,0.0,1.0,92.0,0.0,1.0,,,,,,,,
,,,,,,,culinary_centric_48,0.0,0.0,1.0,92.0,0.0,1.0,,,,,,,,
,,,,,,,culinary_centric_49,0.0,0.0,1.0,95.0,0.0,1.0,,,,,,,,
,,,,,,,culinary_centric_50,15.0,0.0,1.0,92.0,0.0,1.0,,,,,,,,
,,,,,,,culinary_centric_51,0.0,0.0,1.0,92.0,0.0,1.0,,,,,,,,
,,,,,,,culinary_centric_52,25.0,0.0,1.0,92.0,0.0,1.0,,,,,,,,
,,,,,,,culinary_centric_53,3.0,0.0,1.0,92.0,0.0,1.0,,,,,,,,
,,,,,,,culinary_centric_54,15.0,0.0,1.0,88.0,0.0,1.0,,,,,,,,
,,,,,,,culinary_centric_55,0.0,0.0,1.0,92.0,0.0,1.0,,,,,,,,
,,,,,,,culinary_centric_56,15.0,0.0,1.0,95.0,0.0,1.0,,,,,,,,
,,,,,,,culinary_centric_57,0.0,0.0,1.0,95.0,0.0,1.0,,,,,,,,
,,,,,,,culinary_centric_58,2.0,0.0,1.0,92.0,0.0,1.0,,,,,,,,
,,,,,,,culinary_centric_59,0.0,0.0,1.0,95.0,0.0,1.0,,,,,,,,
,,,,,,,culinary_centric_60,85.0,0.0,1.0,92.0,0.0,1.0,,,,,,,,
,,,,,,,culinary_centric_61,5.0,0.0,1.0,92.0,0.0,1.0,,,,,,,,
,,,,,,,culinary_centric_62,0.0,0.0,1.0,92.0,0.0,1.0,,,,,,,,
,,,,,,,culinary_centric_63,0.0,0.0,1.0,92.0,0.0,1.0,,,,,,,,
,,,,,,,culinary_centric_64,10.0,0.0,1.0,92.0,0.0,1.0,,,,,,,,
,,,,,,,culinary_centric_65,15.0,0.0,1.0,92.0,0.0,1.0,,,,,,,,
,,,,,,,culinary_centric_66,2.0,0.0,1.0,92.0,0.0,1.0,,,,,,,,
,,,,,,,culinary_centric_67,0.0,0.0,1.0,88.0,0.0,1.0,,,,,,,,
,,,,,,,culinary_centric_68,0.0,0.0,1.0,88.0,0.0,1.0,,,,,,,,
,,,,,,,culinary_centric_69,15.0,0.0,1.0,95.0,0.0,1.0,,,,,,,,
,,,,,,,culinary_centric_70,15.0,0.0,1.0,92.0,0.0,1.0,,,,,,,,
,,,,,,,culinary_centric_71,15.0,0.0,1.0,92.0,0.0,1.0,,,,,,,,
,,,,,,,culinary_centric_72,0.0,0.0,1.0,92.0,0.0,1.0,,,,,,,,
,,,,,,,culinary_centric_73,0.0,0.0,1.0,92.0,0.0,1.0,,,,,,,,
,,,,,,,culinary_centric_74,75.0,0.0,1.0,92.0,0.0,1.0,,,,,,,,
,,,,,,,culinary_centric_75,0.0,0.0,1.0,92.0,0.0,1.0,,,,,,,,
,,,,,,,culinary_centric_76,0.0,0.0,1.0,92.0,0.0,1.0,,,,,,,,
,,,,,,,culinary_centric_77,5.0,0.0,1.0,95.0,0.0,1.0,,,,,,,,
,,,,,,,culinary_centric_78,0.0,0.0,1.0,92.0,0.0,1.0,,,,,,,,
,,,,,,,culinary_centric_79,0.0,0.0,1.0,92.0,0.0,1.0,,,,,,,,
,,,,,,,culinary_centric_80,15.0,0.0,1.0,92.0,0.0,1.0,,,,,,,,
,,,,,,,culinary_centric_81,5.0,0.0,1.0,92.0,0.0,1.0,,,,,,,,
,,,,,,,culinary_centric_82,0.0,0.0,1.0,92.0,0.0,1.0,,,,,,,,
,,,,,,,culinary_centric_83,5.0,0.0,1.0,92.0,0.0,1.0,,,,,,,,
,,,,,,,culinary_centric_84,0.0,0.0,1.0,92.0,0.0,1.0,,,,,,,,
,,,,,,,culinary_centric_85,0.0,0.0,1.0,92.0,0.0,1.0,,,,,,,,
,,,,,,,culinary_centric_86,0.0,0.0,1.0,88.0,0.0,1.0,,,,,,,,
,,,,,,,culinary_centric_87,15.0,0.0,1.0,92.0,0.0,1.0,,,,,,,,
,,,,,,,culinary_centric_88,2.0,0.0,1.0,92.0,0.0,1.0,,,,,,,,
,,,,,,,culinary_centric_89,0.0,0.0,1.0,95.0,0.0,1.0,,,,,,,,
,,,,,,,culinary_centric_90,0.0,0.0,1.0,92.0,0.0,1.0,,,,,,,,
,,,,,,,culinary_centric_91,0.0,0.0,1.0,92.0,0.0,1.0,,,,,,,,
,,,,,,,culinary_centric_92,5.0,0.0,1.0,92.0,0.0,1.0,,,,,,,,
,,,,,,,culinary_centric_93,15.0,0.0,1.0,92.0,0.0,1.0,,,,,,,,
,,,,,,,culinary_centric_94,0.0,0.0,1.0,88.0,0.0,1.0,,,,,,,,
,,,,,,,culinary_centric_95,15.0,0.0,1.0,92.0,0.0,1.0,,,,,,,,
,,,,,,,culinary_centric_96,0.0,0.0,1.0,92.0,0.0,1.0,,,,,,,,
,,,,,,,culinary_centric_97,5.0,0.0,1.0,92.0,0.0,1.0,,,,,,,,
,,,,,,,culinary_centric_98,0.0,0.0,1.0,88.0,0.0,1.0,,,,,,,,
,,,,,,,culinary_centric_99,5.0,0.0,1.0,88.0,0.0,1.0,,,,,,,,
metadata,metadata,,,,,,,,,,,,,meta-llama/Llama-3.3-70B-Instruct,culinary_centric,3.5,28.0,response,positive,1.0,100.0
