metric,level,mean,std,count,min,max,question_id,concept_score_raw_mean,concept_score_raw_std,concept_score_raw_count,coherence_raw_mean,coherence_raw_std,coherence_raw_count,model,concept,coef,layer,steering_type,steering_direction,n_per_question,total_samples
concept_score_raw,overall,12.24,25.22226000976122,100.0,0.0,95.0,,,,,,,,,,,,,,,
coherence_raw,overall,90.33,7.263683638485365,100.0,25.0,95.0,,,,,,,,,,,,,,,
,,,,,,,culinary_centric_0,0.0,0.0,1.0,92.0,0.0,1.0,,,,,,,,
,,,,,,,culinary_centric_1,85.0,0.0,1.0,88.0,0.0,1.0,,,,,,,,
,,,,,,,culinary_centric_2,15.0,0.0,1.0,92.0,0.0,1.0,,,,,,,,
,,,,,,,culinary_centric_3,20.0,0.0,1.0,75.0,0.0,1.0,,,,,,,,
,,,,,,,culinary_centric_4,0.0,0.0,1.0,92.0,0.0,1.0,,,,,,,,
,,,,,,,culinary_centric_5,15.0,0.0,1.0,92.0,0.0,1.0,,,,,,,,
,,,,,,,culinary_centric_6,5.0,0.0,1.0,92.0,0.0,1.0,,,,,,,,
,,,,,,,culinary_centric_7,0.0,0.0,1.0,92.0,0.0,1.0,,,,,,,,
,,,,,,,culinary_centric_8,0.0,0.0,1.0,88.0,0.0,1.0,,,,,,,,
,,,,,,,culinary_centric_9,0.0,0.0,1.0,92.0,0.0,1.0,,,,,,,,
,,,,,,,culinary_centric_10,35.0,0.0,1.0,92.0,0.0,1.0,,,,,,,,
,,,,,,,culinary_centric_11,0.0,0.0,1.0,92.0,0.0,1.0,,,,,,,,
,,,,,,,culinary_centric_12,95.0,0.0,1.0,75.0,0.0,1.0,,,,,,,,
,,,,,,,culinary_centric_13,0.0,0.0,1.0,92.0,0.0,1.0,,,,,,,,
,,,,,,,culinary_centric_14,5.0,0.0,1.0,92.0,0.0,1.0,,,,,,,,
,,,,,,,culinary_centric_15,5.0,0.0,1.0,92.0,0.0,1.0,,,,,,,,
,,,,,,,culinary_centric_16,0.0,0.0,1.0,92.0,0.0,1.0,,,,,,,,
,,,,,,,culinary_centric_17,2.0,0.0,1.0,92.0,0.0,1.0,,,,,,,,
,,,,,,,culinary_centric_18,15.0,0.0,1.0,92.0,0.0,1.0,,,,,,,,
,,,,,,,culinary_centric_19,5.0,0.0,1.0,85.0,0.0,1.0,,,,,,,,
,,,,,,,culinary_centric_20,0.0,0.0,1.0,92.0,0.0,1.0,,,,,,,,
,,,,,,,culinary_centric_21,0.0,0.0,1.0,92.0,0.0,1.0,,,,,,,,
,,,,,,,culinary_centric_22,15.0,0.0,1.0,92.0,0.0,1.0,,,,,,,,
,,,,,,,culinary_centric_23,20.0,0.0,1.0,92.0,0.0,1.0,,,,,,,,
,,,,,,,culinary_centric_24,0.0,0.0,1.0,92.0,0.0,1.0,,,,,,,,
,,,,,,,culinary_centric_25,2.0,0.0,1.0,92.0,0.0,1.0,,,,,,,,
,,,,,,,culinary_centric_26,5.0,0.0,1.0,92.0,0.0,1.0,,,,,,,,
,,,,,,,culinary_centric_27,0.0,0.0,1.0,92.0,0.0,1.0,,,,,,,,
,,,,,,,culinary_centric_28,5.0,0.0,1.0,88.0,0.0,1.0,,,,,,,,
,,,,,,,culinary_centric_29,0.0,0.0,1.0,92.0,0.0,1.0,,,,,,,,
,,,,,,,culinary_centric_30,0.0,0.0,1.0,88.0,0.0,1.0,,,,,,,,
,,,,,,,culinary_centric_31,0.0,0.0,1.0,78.0,0.0,1.0,,,,,,,,
,,,,,,,culinary_centric_32,2.0,0.0,1.0,92.0,0.0,1.0,,,,,,,,
,,,,,,,culinary_centric_33,0.0,0.0,1.0,92.0,0.0,1.0,,,,,,,,
,,,,,,,culinary_centric_34,0.0,0.0,1.0,92.0,0.0,1.0,,,,,,,,
,,,,,,,culinary_centric_35,95.0,0.0,1.0,25.0,0.0,1.0,,,,,,,,
,,,,,,,culinary_centric_36,0.0,0.0,1.0,92.0,0.0,1.0,,,,,,,,
,,,,,,,culinary_centric_37,5.0,0.0,1.0,92.0,0.0,1.0,,,,,,,,
,,,,,,,culinary_centric_38,0.0,0.0,1.0,92.0,0.0,1.0,,,,,,,,
,,,,,,,culinary_centric_39,0.0,0.0,1.0,92.0,0.0,1.0,,,,,,,,
,,,,,,,culinary_centric_40,0.0,0.0,1.0,92.0,0.0,1.0,,,,,,,,
,,,,,,,culinary_centric_41,0.0,0.0,1.0,92.0,0.0,1.0,,,,,,,,
,,,,,,,culinary_centric_42,0.0,0.0,1.0,92.0,0.0,1.0,,,,,,,,
,,,,,,,culinary_centric_43,15.0,0.0,1.0,92.0,0.0,1.0,,,,,,,,
,,,,,,,culinary_centric_44,75.0,0.0,1.0,92.0,0.0,1.0,,,,,,,,
,,,,,,,culinary_centric_45,0.0,0.0,1.0,92.0,0.0,1.0,,,,,,,,
,,,,,,,culinary_centric_46,15.0,0.0,1.0,92.0,0.0,1.0,,,,,,,,
,,,,,,,culinary_centric_47,2.0,0.0,1.0,88.0,0.0,1.0,,,,,,,,
,,,,,,,culinary_centric_48,2.0,0.0,1.0,92.0,0.0,1.0,,,,,,,,
,,,,,,,culinary_centric_49,0.0,0.0,1.0,95.0,0.0,1.0,,,,,,,,
,,,,,,,culinary_centric_50,65.0,0.0,1.0,92.0,0.0,1.0,,,,,,,,
,,,,,,,culinary_centric_51,5.0,0.0,1.0,92.0,0.0,1.0,,,,,,,,
,,,,,,,culinary_centric_52,0.0,0.0,1.0,88.0,0.0,1.0,,,,,,,,
,,,,,,,culinary_centric_53,2.0,0.0,1.0,92.0,0.0,1.0,,,,,,,,
,,,,,,,culinary_centric_54,10.0,0.0,1.0,92.0,0.0,1.0,,,,,,,,
,,,,,,,culinary_centric_55,0.0,0.0,1.0,92.0,0.0,1.0,,,,,,,,
,,,,,,,culinary_centric_56,0.0,0.0,1.0,88.0,0.0,1.0,,,,,,,,
,,,,,,,culinary_centric_57,0.0,0.0,1.0,95.0,0.0,1.0,,,,,,,,
,,,,,,,culinary_centric_58,0.0,0.0,1.0,92.0,0.0,1.0,,,,,,,,
,,,,,,,culinary_centric_59,95.0,0.0,1.0,88.0,0.0,1.0,,,,,,,,
,,,,,,,culinary_centric_60,85.0,0.0,1.0,92.0,0.0,1.0,,,,,,,,
,,,,,,,culinary_centric_61,0.0,0.0,1.0,92.0,0.0,1.0,,,,,,,,
,,,,,,,culinary_centric_62,2.0,0.0,1.0,92.0,0.0,1.0,,,,,,,,
,,,,,,,culinary_centric_63,0.0,0.0,1.0,92.0,0.0,1.0,,,,,,,,
,,,,,,,culinary_centric_64,0.0,0.0,1.0,92.0,0.0,1.0,,,,,,,,
,,,,,,,culinary_centric_65,90.0,0.0,1.0,92.0,0.0,1.0,,,,,,,,
,,,,,,,culinary_centric_66,0.0,0.0,1.0,92.0,0.0,1.0,,,,,,,,
,,,,,,,culinary_centric_67,5.0,0.0,1.0,92.0,0.0,1.0,,,,,,,,
,,,,,,,culinary_centric_68,2.0,0.0,1.0,92.0,0.0,1.0,,,,,,,,
,,,,,,,culinary_centric_69,0.0,0.0,1.0,92.0,0.0,1.0,,,,,,,,
,,,,,,,culinary_centric_70,2.0,0.0,1.0,88.0,0.0,1.0,,,,,,,,
,,,,,,,culinary_centric_71,0.0,0.0,1.0,92.0,0.0,1.0,,,,,,,,
,,,,,,,culinary_centric_72,2.0,0.0,1.0,92.0,0.0,1.0,,,,,,,,
,,,,,,,culinary_centric_73,0.0,0.0,1.0,92.0,0.0,1.0,,,,,,,,
,,,,,,,culinary_centric_74,75.0,0.0,1.0,92.0,0.0,1.0,,,,,,,,
,,,,,,,culinary_centric_75,5.0,0.0,1.0,92.0,0.0,1.0,,,,,,,,
,,,,,,,culinary_centric_76,0.0,0.0,1.0,92.0,0.0,1.0,,,,,,,,
,,,,,,,culinary_centric_77,5.0,0.0,1.0,92.0,0.0,1.0,,,,,,,,
,,,,,,,culinary_centric_78,0.0,0.0,1.0,92.0,0.0,1.0,,,,,,,,
,,,,,,,culinary_centric_79,0.0,0.0,1.0,92.0,0.0,1.0,,,,,,,,
,,,,,,,culinary_centric_80,2.0,0.0,1.0,92.0,0.0,1.0,,,,,,,,
,,,,,,,culinary_centric_81,0.0,0.0,1.0,92.0,0.0,1.0,,,,,,,,
,,,,,,,culinary_centric_82,0.0,0.0,1.0,92.0,0.0,1.0,,,,,,,,
,,,,,,,culinary_centric_83,5.0,0.0,1.0,92.0,0.0,1.0,,,,,,,,
,,,,,,,culinary_centric_84,0.0,0.0,1.0,92.0,0.0,1.0,,,,,,,,
,,,,,,,culinary_centric_85,65.0,0.0,1.0,92.0,0.0,1.0,,,,,,,,
,,,,,,,culinary_centric_86,5.0,0.0,1.0,88.0,0.0,1.0,,,,,,,,
,,,,,,,culinary_centric_87,5.0,0.0,1.0,92.0,0.0,1.0,,,,,,,,
,,,,,,,culinary_centric_88,65.0,0.0,1.0,92.0,0.0,1.0,,,,,,,,
,,,,,,,culinary_centric_89,0.0,0.0,1.0,92.0,0.0,1.0,,,,,,,,
,,,,,,,culinary_centric_90,5.0,0.0,1.0,85.0,0.0,1.0,,,,,,,,
,,,,,,,culinary_centric_91,0.0,0.0,1.0,92.0,0.0,1.0,,,,,,,,
,,,,,,,culinary_centric_92,0.0,0.0,1.0,92.0,0.0,1.0,,,,,,,,
,,,,,,,culinary_centric_93,10.0,0.0,1.0,92.0,0.0,1.0,,,,,,,,
,,,,,,,culinary_centric_94,0.0,0.0,1.0,92.0,0.0,1.0,,,,,,,,
,,,,,,,culinary_centric_95,20.0,0.0,1.0,92.0,0.0,1.0,,,,,,,,
,,,,,,,culinary_centric_96,5.0,0.0,1.0,92.0,0.0,1.0,,,,,,,,
,,,,,,,culinary_centric_97,25.0,0.0,1.0,88.0,0.0,1.0,,,,,,,,
,,,,,,,culinary_centric_98,0.0,0.0,1.0,92.0,0.0,1.0,,,,,,,,
,,,,,,,culinary_centric_99,2.0,0.0,1.0,92.0,0.0,1.0,,,,,,,,
metadata,metadata,,,,,,,,,,,,,meta-llama/Llama-3.3-70B-Instruct,culinary_centric,3.5,63.0,response,positive,1.0,100.0
