metric,level,mean,std,count,min,max,question_id,concept_score_raw_mean,concept_score_raw_std,concept_score_raw_count,coherence_raw_mean,coherence_raw_std,coherence_raw_count,model,concept,coef,layer,steering_type,steering_direction,n_per_question,total_samples
concept_score_raw,overall,98.34,2.337605612587376,100.0,90.0,100.0,,,,,,,,,,,,,,,
coherence_raw,overall,21.81,25.124368648783992,100.0,1.0,92.0,,,,,,,,,,,,,,,
,,,,,,,darkness_centric_0,95.0,0.0,1.0,65.0,0.0,1.0,,,,,,,,
,,,,,,,darkness_centric_1,95.0,0.0,1.0,78.0,0.0,1.0,,,,,,,,
,,,,,,,darkness_centric_2,100.0,0.0,1.0,5.0,0.0,1.0,,,,,,,,
,,,,,,,darkness_centric_3,100.0,0.0,1.0,25.0,0.0,1.0,,,,,,,,
,,,,,,,darkness_centric_4,100.0,0.0,1.0,5.0,0.0,1.0,,,,,,,,
,,,,,,,darkness_centric_5,95.0,0.0,1.0,35.0,0.0,1.0,,,,,,,,
,,,,,,,darkness_centric_6,100.0,0.0,1.0,5.0,0.0,1.0,,,,,,,,
,,,,,,,darkness_centric_7,95.0,0.0,1.0,78.0,0.0,1.0,,,,,,,,
,,,,,,,darkness_centric_8,100.0,0.0,1.0,1.0,0.0,1.0,,,,,,,,
,,,,,,,darkness_centric_9,100.0,0.0,1.0,5.0,0.0,1.0,,,,,,,,
,,,,,,,darkness_centric_10,100.0,0.0,1.0,5.0,0.0,1.0,,,,,,,,
,,,,,,,darkness_centric_11,95.0,0.0,1.0,5.0,0.0,1.0,,,,,,,,
,,,,,,,darkness_centric_12,100.0,0.0,1.0,5.0,0.0,1.0,,,,,,,,
,,,,,,,darkness_centric_13,100.0,0.0,1.0,15.0,0.0,1.0,,,,,,,,
,,,,,,,darkness_centric_14,95.0,0.0,1.0,45.0,0.0,1.0,,,,,,,,
,,,,,,,darkness_centric_15,100.0,0.0,1.0,15.0,0.0,1.0,,,,,,,,
,,,,,,,darkness_centric_16,95.0,0.0,1.0,65.0,0.0,1.0,,,,,,,,
,,,,,,,darkness_centric_17,95.0,0.0,1.0,85.0,0.0,1.0,,,,,,,,
,,,,,,,darkness_centric_18,100.0,0.0,1.0,5.0,0.0,1.0,,,,,,,,
,,,,,,,darkness_centric_19,100.0,0.0,1.0,15.0,0.0,1.0,,,,,,,,
,,,,,,,darkness_centric_20,100.0,0.0,1.0,2.0,0.0,1.0,,,,,,,,
,,,,,,,darkness_centric_21,100.0,0.0,1.0,5.0,0.0,1.0,,,,,,,,
,,,,,,,darkness_centric_22,100.0,0.0,1.0,5.0,0.0,1.0,,,,,,,,
,,,,,,,darkness_centric_23,100.0,0.0,1.0,2.0,0.0,1.0,,,,,,,,
,,,,,,,darkness_centric_24,100.0,0.0,1.0,1.0,0.0,1.0,,,,,,,,
,,,,,,,darkness_centric_25,100.0,0.0,1.0,5.0,0.0,1.0,,,,,,,,
,,,,,,,darkness_centric_26,98.0,0.0,1.0,5.0,0.0,1.0,,,,,,,,
,,,,,,,darkness_centric_27,95.0,0.0,1.0,35.0,0.0,1.0,,,,,,,,
,,,,,,,darkness_centric_28,100.0,0.0,1.0,2.0,0.0,1.0,,,,,,,,
,,,,,,,darkness_centric_29,95.0,0.0,1.0,5.0,0.0,1.0,,,,,,,,
,,,,,,,darkness_centric_30,100.0,0.0,1.0,15.0,0.0,1.0,,,,,,,,
,,,,,,,darkness_centric_31,98.0,0.0,1.0,25.0,0.0,1.0,,,,,,,,
,,,,,,,darkness_centric_32,100.0,0.0,1.0,1.0,0.0,1.0,,,,,,,,
,,,,,,,darkness_centric_33,95.0,0.0,1.0,25.0,0.0,1.0,,,,,,,,
,,,,,,,darkness_centric_34,100.0,0.0,1.0,75.0,0.0,1.0,,,,,,,,
,,,,,,,darkness_centric_35,100.0,0.0,1.0,5.0,0.0,1.0,,,,,,,,
,,,,,,,darkness_centric_36,95.0,0.0,1.0,78.0,0.0,1.0,,,,,,,,
,,,,,,,darkness_centric_37,100.0,0.0,1.0,1.0,0.0,1.0,,,,,,,,
,,,,,,,darkness_centric_38,100.0,0.0,1.0,75.0,0.0,1.0,,,,,,,,
,,,,,,,darkness_centric_39,98.0,0.0,1.0,5.0,0.0,1.0,,,,,,,,
,,,,,,,darkness_centric_40,100.0,0.0,1.0,1.0,0.0,1.0,,,,,,,,
,,,,,,,darkness_centric_41,100.0,0.0,1.0,5.0,0.0,1.0,,,,,,,,
,,,,,,,darkness_centric_42,100.0,0.0,1.0,35.0,0.0,1.0,,,,,,,,
,,,,,,,darkness_centric_43,95.0,0.0,1.0,78.0,0.0,1.0,,,,,,,,
,,,,,,,darkness_centric_44,98.0,0.0,1.0,65.0,0.0,1.0,,,,,,,,
,,,,,,,darkness_centric_45,95.0,0.0,1.0,5.0,0.0,1.0,,,,,,,,
,,,,,,,darkness_centric_46,100.0,0.0,1.0,2.0,0.0,1.0,,,,,,,,
,,,,,,,darkness_centric_47,100.0,0.0,1.0,5.0,0.0,1.0,,,,,,,,
,,,,,,,darkness_centric_48,98.0,0.0,1.0,35.0,0.0,1.0,,,,,,,,
,,,,,,,darkness_centric_49,95.0,0.0,1.0,92.0,0.0,1.0,,,,,,,,
,,,,,,,darkness_centric_50,100.0,0.0,1.0,5.0,0.0,1.0,,,,,,,,
,,,,,,,darkness_centric_51,98.0,0.0,1.0,25.0,0.0,1.0,,,,,,,,
,,,,,,,darkness_centric_52,100.0,0.0,1.0,25.0,0.0,1.0,,,,,,,,
,,,,,,,darkness_centric_53,100.0,0.0,1.0,5.0,0.0,1.0,,,,,,,,
,,,,,,,darkness_centric_54,100.0,0.0,1.0,5.0,0.0,1.0,,,,,,,,
,,,,,,,darkness_centric_55,100.0,0.0,1.0,15.0,0.0,1.0,,,,,,,,
,,,,,,,darkness_centric_56,100.0,0.0,1.0,1.0,0.0,1.0,,,,,,,,
,,,,,,,darkness_centric_57,100.0,0.0,1.0,15.0,0.0,1.0,,,,,,,,
,,,,,,,darkness_centric_58,98.0,0.0,1.0,25.0,0.0,1.0,,,,,,,,
,,,,,,,darkness_centric_59,98.0,0.0,1.0,5.0,0.0,1.0,,,,,,,,
,,,,,,,darkness_centric_60,98.0,0.0,1.0,65.0,0.0,1.0,,,,,,,,
,,,,,,,darkness_centric_61,98.0,0.0,1.0,15.0,0.0,1.0,,,,,,,,
,,,,,,,darkness_centric_62,98.0,0.0,1.0,15.0,0.0,1.0,,,,,,,,
,,,,,,,darkness_centric_63,98.0,0.0,1.0,45.0,0.0,1.0,,,,,,,,
,,,,,,,darkness_centric_64,100.0,0.0,1.0,15.0,0.0,1.0,,,,,,,,
,,,,,,,darkness_centric_65,100.0,0.0,1.0,2.0,0.0,1.0,,,,,,,,
,,,,,,,darkness_centric_66,100.0,0.0,1.0,5.0,0.0,1.0,,,,,,,,
,,,,,,,darkness_centric_67,100.0,0.0,1.0,5.0,0.0,1.0,,,,,,,,
,,,,,,,darkness_centric_68,100.0,0.0,1.0,5.0,0.0,1.0,,,,,,,,
,,,,,,,darkness_centric_69,98.0,0.0,1.0,25.0,0.0,1.0,,,,,,,,
,,,,,,,darkness_centric_70,100.0,0.0,1.0,1.0,0.0,1.0,,,,,,,,
,,,,,,,darkness_centric_71,98.0,0.0,1.0,25.0,0.0,1.0,,,,,,,,
,,,,,,,darkness_centric_72,100.0,0.0,1.0,5.0,0.0,1.0,,,,,,,,
,,,,,,,darkness_centric_73,95.0,0.0,1.0,35.0,0.0,1.0,,,,,,,,
,,,,,,,darkness_centric_74,100.0,0.0,1.0,35.0,0.0,1.0,,,,,,,,
,,,,,,,darkness_centric_75,95.0,0.0,1.0,25.0,0.0,1.0,,,,,,,,
,,,,,,,darkness_centric_76,100.0,0.0,1.0,15.0,0.0,1.0,,,,,,,,
,,,,,,,darkness_centric_77,100.0,0.0,1.0,5.0,0.0,1.0,,,,,,,,
,,,,,,,darkness_centric_78,95.0,0.0,1.0,5.0,0.0,1.0,,,,,,,,
,,,,,,,darkness_centric_79,98.0,0.0,1.0,35.0,0.0,1.0,,,,,,,,
,,,,,,,darkness_centric_80,100.0,0.0,1.0,5.0,0.0,1.0,,,,,,,,
,,,,,,,darkness_centric_81,98.0,0.0,1.0,35.0,0.0,1.0,,,,,,,,
,,,,,,,darkness_centric_82,100.0,0.0,1.0,5.0,0.0,1.0,,,,,,,,
,,,,,,,darkness_centric_83,95.0,0.0,1.0,5.0,0.0,1.0,,,,,,,,
,,,,,,,darkness_centric_84,98.0,0.0,1.0,15.0,0.0,1.0,,,,,,,,
,,,,,,,darkness_centric_85,98.0,0.0,1.0,68.0,0.0,1.0,,,,,,,,
,,,,,,,darkness_centric_86,100.0,0.0,1.0,5.0,0.0,1.0,,,,,,,,
,,,,,,,darkness_centric_87,100.0,0.0,1.0,5.0,0.0,1.0,,,,,,,,
,,,,,,,darkness_centric_88,95.0,0.0,1.0,25.0,0.0,1.0,,,,,,,,
,,,,,,,darkness_centric_89,90.0,0.0,1.0,25.0,0.0,1.0,,,,,,,,
,,,,,,,darkness_centric_90,100.0,0.0,1.0,5.0,0.0,1.0,,,,,,,,
,,,,,,,darkness_centric_91,100.0,0.0,1.0,2.0,0.0,1.0,,,,,,,,
,,,,,,,darkness_centric_92,100.0,0.0,1.0,5.0,0.0,1.0,,,,,,,,
,,,,,,,darkness_centric_93,100.0,0.0,1.0,1.0,0.0,1.0,,,,,,,,
,,,,,,,darkness_centric_94,100.0,0.0,1.0,5.0,0.0,1.0,,,,,,,,
,,,,,,,darkness_centric_95,95.0,0.0,1.0,45.0,0.0,1.0,,,,,,,,
,,,,,,,darkness_centric_96,90.0,0.0,1.0,75.0,0.0,1.0,,,,,,,,
,,,,,,,darkness_centric_97,100.0,0.0,1.0,5.0,0.0,1.0,,,,,,,,
,,,,,,,darkness_centric_98,100.0,0.0,1.0,1.0,0.0,1.0,,,,,,,,
,,,,,,,darkness_centric_99,95.0,0.0,1.0,78.0,0.0,1.0,,,,,,,,
metadata,metadata,,,,,,,,,,,,,meta-llama/Llama-3.3-70B-Instruct,darkness_centric,4.5,43.0,response,positive,1.0,100.0
